90  15 100
100 15 110
150 15 160
200 15 210
250 15 260
300 15 315
350 15 360
400 15 415
450 15 460
500 15 510
550 15 560
600 15 615
650 15 660
700 15 710
750 15 765
800 15 810
850 15 860
900 15 915
950 15 960
1000 15 1015
1050 15 1060
1100 15 1110
1150 15 1165
1200 15 1210
1250 15 1265
1300 15 1310
1350 15 1360
1400 15 1415
1450 15 1460
1500 15 1510
1550 15 1565
1600 15 1610
1650 15 1660
1700 15 1710
1750 15 1760
1800 15 1810
1850 15 1865
1900 15 1910
1950 15 1960
2000 15 2015
2050 15 2060
2100 15 2110
2150 15 2160
2200 15 2215
2250 15 2260
2300 15 2310
2350 15 2365
2400 15 2410
2450 15 2460
2500 15 2510
2550 15 2560
2600 15 2610
2650 15 2665
2700 15 2710
2750 15 2760
2800 15 2815
2850 15 2860
2900 15 2910
2950 15 2965
3000 15 3010
3050 15 3060
3100 15 3110
3150 15 3160
3200 15 3210
3250 15 3265
EOR